[
(0.99,	1.25,	250,	200,	6400,	2),	
(0.99,	1.25,	250,	150,	3600,	2),	
(0.99,	1,	250,	200,	6400,	2),	
(0.99,	1,	250,	150,	3600,	2),	
(0.95,	1.25,	250,	200,	6400,	2),	
(0.95,	1.25,	250,	150,	3600,	2),	
(0.95,	1,	250,	200,	6400,	2),	
(0.95,	1,	250,	150,	3600,	2),	
(0.99,	0.6,	250,	200,	6400,	2),	
(0.99,	0.6,	250,	150,	3600,	2),	
(0.99,	0.1,	250,	200,	6400,	2),	
(0.99,	0.1,	250,	150,	3600,	2),	
(0.95,	0.6,	250,	200,	6400,	2),	
(0.95,	0.6,	250,	150,	3600,	2),	
(0.95,	0.1,	250,	200,	6400,	2),	
(0.95,	0.1,	250,	150,	3600,	2),	
(0.99,	1.25,	250,	50,	400,	2),	
(0.99,	1.25,	250,	10,	16,	2),	
(0.99,	1,	250,	50,	400,	2),	
(0.99,	1,	250,	10,	16,	2),	
(0.95,	1.25,	250,	50,	400,	2),	
(0.95,	1.25,	250,	10,	16,	2),	
(0.95,	1,	250,	50,	400,	2),	
(0.95,	1,	250,	10,	16,	2),	
(0.99,	0.6,	250,	50,	400,	2),	
(0.99,	0.6,	250,	10,	16,	2),	
(0.99,	0.1,	250,	50,	400,	2),	
(0.99,	0.1,	250,	10,	16,	2),	
(0.95,	0.6,	250,	50,	400,	2),	
(0.95,	0.6,	250,	10,	16,	2),	
(0.95,	0.1,	250,	50,	400,	2),	
(0.95,	0.1,	250,	10,	16,	2)
]
